mu0 <- 25
ci <- c(25.0128, 26.0212)
 
mu0 >= ci[1] & mu0 <= ci[2]
#[1] FALSE